((("sortlist" .
   [2 0 0 0 0 0 0 0])
  ("sortinlist" .
   [3 0 0 0 0 0 0 0 0 0])
  ("term2" .
   [2 0 0 0 0])
  ("8" .
   [1])
  ("wsen" .
   [2 0 0 0])
  ("tf_idf" .
   [2 0 0 1 0 0])
  ("next" .
   [1 0 0 0])
  ("in" .
   [2 0])
  ("for" .
   [4 0 0])
  ("readfile" .
   [2 0 0 0 0 0 0 0])
  ("open" .
   [3 0 0 0])
  ("re" .
   [4 0])
  ("files" .
   [3 0 0 0 0])
  ("glob" .
   [2 0 0 0])
  ("node" .
   [5 0 0 0])
  ("a" .
   [1])
  ("m" .
   [11])
  ("f" .
   [7])
  ("dict" .
   [1 0 0 0])
  ("MeCab" .
   [0 0 1 0 0])
  ("morphs_add" .
   [1 0 0 0 0 0 0 0 0 0])
  ("s2" .
   [1 0])
  ("another_chunk" .
   [1 0 0 0 0 0 0 1 0 0 0 0 0])
  ("morphs_pos" .
   [2 0 0 0 0 0 1 0 0 0])
  ("all_sent_list" .
   [2 0 0 0 0 0 0 0 0 0 0 0 0])
  ("comment" .
   [1 0 0 0 0 0 0])
  ("t" .
   [1])
  ("self" .
   [1 0 0 0])
  ("__str__" .
   [1 0 0 0 0 0 0])
  ("TextField" .
   [0 0 1 0 0 0 0 0 0])
  ("Book" .
   [3 0 0 0])
  ("ForeignKey" .
   [0 0 0 0 0 0 0 1 0 0])
  ("Model" .
   [1 0 0 0 0])
  ("def" .
   [3 0 0])
  ("0" .
   [4])
  ("True" .
   [2 0 0 0])
  ("blank" .
   [2 0 0 0 0])
  ("IntegerField" .
   [0 0 0 0 0 0 0 0 1 0 0 0])
  ("255" .
   [1 0 0])
  ("max_length" .
   [0 0 0 0 0 0 0 1 0 0])
  ("CharField" .
   [0 0 0 0 2 0 0 0 0])
  ("c" .
   [4])
  ("models" .
   [5 0 1 0 0 0])
  ("import" .
   [5 0 0 0 0 0])
  ("db" .
   [1 0])
  ("from" .
   [3 0 0 0])
  ("FORMAT_LATTICE" .
   [0 0 0 0 0 0 0 1 0 0 0 0 0 0])
  ("CaboCha" .
   [0 0 0 0 2 1 0])
  ("line" .
   [24 0 0 0])
  ("parseToString" .
   [0 0 0 0 0 0 1 2 1 0 0 0 0])
  ("n" .
   [4])
  ("k" .
   [4])
  ("raw_input" .
   [0 0 0 0 2 0 0 0 0])
  ("coding" .
   [1 0 0 0 0 0])
  ("print" .
   [16 1 0 2 0])
  ("list" .
   [4 0 0 0])
  ("readlines" .
   [2 0 0 0 0 0 0 0 0])
  ("parse" .
   [3 0 0 0 0])
  ("tree" .
   [2 0 0 0])
  ("cms" .
   [1 0 0])
  ("Impression" .
   [0 0 0 0 0 1 0 0 0 1])
  ("admin" .
   [2 0 0 0 0])
  ("register" .
   [1 0 0 0 0 0 0 0])
  ("class" .
   [1 0 0 0 0])
  ("morphs" .
   [12 0 1 0 0 1])
  ("dst" .
   [5 0 0])
  ("scrs" .
   [5 0 0 0])
  ("split" .
   [2 0 0 0 0])
  ("item" .
   [18 0 0 0])
  ("one_list" .
   [4 0 0 0 0 0 0 0])
  ("append" .
   [13 1 0 0 0 0])
  ("cho_list" .
   [3 0 0 0 0 0 0 0])
  ("Chank" .
   [2 0 0 0 0])
  ("item2" .
   [9 0 0 0 0])
  ("cha_list" .
   [1 0 0 0 0 0 0 0])
  ("SystemExit" .
   [0 1 0 0 0 0 0 0 0 0])
  ("Morph" .
   [1 0 0 0 0])
  ("iiiii" .
   [2 0 0 0 0])
  ("base" .
   [1 0 0 0])
  ("if" .
   [3 0])
  ("one_chank" .
   [2 0 0 0 0 0 0 0 0])
  ("defaultdict" .
   [3 0 0 0 0 0 0 0 0 0 0])
  ("kakari_dict" .
   [3 0 0 0 0 0 0 0 0 0 0])
  ("one_chunk" .
   [8 0 0 0 0 1 0 0 0])
  ("one_sent" .
   [4 0 0 0 0 0 0 0])
  ("num" .
   [5 0 0])
  ("all_sent" .
   [1 0 0 0 0 0 0 0])
  ("iw" .
   [1 0])
  ("w" .
   [1])
  ("srcs" .
   [1 0 0 0])
  ("morphs_pos1" .
   [0 0 0 0 0 0 0 1 0 0 0])
  ("s4" .
   [2 0])
  ("s3" .
   [2 0])
  ("else" .
   [1 0 0 0])
  ("pass" .
   [1 0 0 0])
  ("os" .
   [1 0])
  ("l" .
   [2])
  ("Files" .
   [1 0 0 0 0])
  ("match" .
   [1 0 0 0 0])
  ("file" .
   [5 0 0 0])
  ("readlist" .
   [5 0 0 0 0 0 0 0])
  ("result" .
   [1 0 0 0 0 0])
  ("prog" .
   [1 0 0 0])
  ("search" .
   [1 0 0 0 0 0])
  ("read" .
   [1 0 0 0])
  ("f2" .
   [15 0])
  ("write" .
   [14 0 0 0 0])
  ("part" .
   [1 0 0 0])
  ("Parser" .
   [1 0 0 0 0 0])
  ("continue" .
   [2 0 0 0 0 0 0 0])
  ("line2" .
   [3 0 0 0 0])
  ("prevline" .
   [4 0 0 0 0 0 0 0])
  ("previtem" .
   [3 0 0 0 0 0 0 0])
  ("nltk" .
   [4 0 0 0])
  ("inlist" .
   [14 0 0 0 0 0])
  ("set" .
   [1 0 0])
  ("collection" .
   [8 0 0 0 0 2 1 0 0 0])
  ("outlist" .
   [13 0 0 0 0 0 0])
  ("utf" .
   [1 0 0])
  ("TextCollection" .
   [0 0 1 0 0 1 0 0 0 0 0 0 0 0])
  ("co" .
   [2 0])
  ("decode" .
   [6 0 0 0 1 0])
  ("term" .
   [10 0 0 0])
  ("document" .
   [3 0 0 0 0 0 0 0])
  ("del" .
   [1 0 0])
  ("tf" .
   [4 1])
  ("doc" .
   [9 0 0])
  ("IDF値" .
   [0 0 0 1])
  ("idf" .
   [4 0 0])))
